                           Logit Regression Results                           
==============================================================================
Dep. Variable:                    hal   No. Observations:                 8600
Model:                          Logit   Df Residuals:                     8556
Method:                           MLE   Df Model:                           43
Date:                Wed, 12 Mar 2025   Pseudo R-squ.:                  0.1773
Time:                        18:23:59   Log-Likelihood:                -2084.9
converged:                       True   LL-Null:                       -2534.1
Covariance Type:            nonrobust   LLR p-value:                1.817e-160
==============================================================================
                 coef    std err          z      P>|z|      [0.025      0.975]
------------------------------------------------------------------------------
const         -8.6866      0.794    -10.940      0.000     -10.243      -7.130
adj_mcap       0.4469      0.037     11.937      0.000       0.374       0.520
year_1981      1.1422      0.824      1.386      0.166      -0.473       2.758
year_1982      0.4346      0.920      0.473      0.636      -1.368       2.237
year_1983      0.4399      0.920      0.478      0.632      -1.363       2.242
year_1984      0.4404      0.920      0.479      0.632      -1.362       2.243
year_1985      0.0321      1.006      0.032      0.975      -1.940       2.004
year_1986     -0.6806      1.230     -0.553      0.580      -3.091       1.730
year_1987      0.7262      0.873      0.832      0.406      -0.985       2.438
year_1988      0.7115      0.873      0.815      0.415      -1.000       2.423
year_1989      0.4149      0.920      0.451      0.652      -1.388       2.217
year_1990      0.4343      0.920      0.472      0.637      -1.368       2.237
year_1991      0.7298      0.873      0.836      0.403      -0.982       2.441
year_1992      0.9472      0.844      1.122      0.262      -0.707       2.602
year_1993      1.2784      0.810      1.579      0.114      -0.308       2.865
year_1994      0.7183      0.873      0.823      0.411      -0.993       2.430
year_1995      0.6877      0.873      0.788      0.431      -1.024       2.399
year_1996      0.9244      0.844      1.095      0.274      -0.730       2.579
year_1997      0.4018      0.920      0.437      0.662      -1.401       2.204
year_1998      1.7467      0.777      2.248      0.025       0.224       3.270
year_1999      1.3731      0.799      1.719      0.086      -0.192       2.938
year_2000      0.3821      0.920      0.415      0.678      -1.421       2.185
year_2001      2.0880      0.761      2.743      0.006       0.596       3.580
year_2002      1.7477      0.777      2.249      0.024       0.225       3.271
year_2003      1.5297      0.790      1.937      0.053      -0.018       3.078
year_2004      1.6283      0.783      2.080      0.038       0.094       3.163
year_2005      1.2610      0.810      1.558      0.119      -0.326       2.848
year_2006      2.2642      0.754      3.003      0.003       0.786       3.742
year_2007      2.1241      0.759      2.800      0.005       0.637       3.611
year_2008      2.3917      0.750      3.187      0.001       0.921       3.863
year_2009      2.7515      0.742      3.709      0.000       1.297       4.206
year_2010      2.7919      0.741      3.768      0.000       1.340       4.244
year_2011      2.8696      0.739      3.881      0.000       1.420       4.319
year_2012      2.7841      0.741      3.757      0.000       1.332       4.236
year_2013      2.9369      0.738      3.979      0.000       1.490       4.383
year_2014      2.8080      0.740      3.794      0.000       1.357       4.259
year_2015      2.9633      0.737      4.018      0.000       1.518       4.409
year_2016      3.1385      0.735      4.271      0.000       1.698       4.579
year_2017      3.1984      0.734      4.355      0.000       1.759       4.638
year_2018      3.7334      0.729      5.119      0.000       2.304       5.163
year_2019      3.4223      0.732      4.677      0.000       1.988       4.857
year_2020      3.4835      0.731      4.766      0.000       2.051       4.916
year_2021      3.7377      0.729      5.127      0.000       2.309       5.167
year_2022      3.5572      0.731      4.869      0.000       2.125       4.989
==============================================================================