                           Logit Regression Results                           
==============================================================================
Dep. Variable:                    hal   No. Observations:               197011
Model:                          Logit   Df Residuals:                   196967
Method:                           MLE   Df Model:                           43
Date:                Wed, 12 Mar 2025   Pseudo R-squ.:                  0.1856
Time:                        12:59:02   Log-Likelihood:            -1.0947e+05
converged:                       True   LL-Null:                   -1.3442e+05
Covariance Type:            nonrobust   LLR p-value:                     0.000
==============================================================================
                 coef    std err          z      P>|z|      [0.025      0.975]
------------------------------------------------------------------------------
const         -6.7754      0.070    -96.454      0.000      -6.913      -6.638
adj_mcap       0.6053      0.006    102.200      0.000       0.594       0.617
year_1981      0.2404      0.066      3.630      0.000       0.111       0.370
year_1982      0.1731      0.066      2.612      0.009       0.043       0.303
year_1983     -0.0779      0.067     -1.169      0.243      -0.208       0.053
year_1984      0.1361      0.065      2.100      0.036       0.009       0.263
year_1985      0.3161      0.063      5.027      0.000       0.193       0.439
year_1986      0.4443      0.061      7.252      0.000       0.324       0.564
year_1987      0.7299      0.060     12.214      0.000       0.613       0.847
year_1988      0.6273      0.060     10.418      0.000       0.509       0.745
year_1989      0.7069      0.060     11.769      0.000       0.589       0.825
year_1990      0.5347      0.062      8.688      0.000       0.414       0.655
year_1991      0.6245      0.060     10.377      0.000       0.507       0.742
year_1992      0.5211      0.060      8.704      0.000       0.404       0.638
year_1993      0.4599      0.058      7.870      0.000       0.345       0.574
year_1994      0.4643      0.058      7.986      0.000       0.350       0.578
year_1995      0.5785      0.057     10.104      0.000       0.466       0.691
year_1996      0.7610      0.056     13.546      0.000       0.651       0.871
year_1997      0.9189      0.056     16.487      0.000       0.810       1.028
year_1998      0.9921      0.056     17.735      0.000       0.882       1.102
year_1999      1.1343      0.056     20.319      0.000       1.025       1.244
year_2000      1.3670      0.056     24.395      0.000       1.257       1.477
year_2001      1.5952      0.057     28.233      0.000       1.484       1.706
year_2002      1.7799      0.057     31.231      0.000       1.668       1.892
year_2003      1.6545      0.057     28.819      0.000       1.542       1.767
year_2004      1.7295      0.058     30.016      0.000       1.617       1.842
year_2005      1.7960      0.058     31.066      0.000       1.683       1.909
year_2006      1.9493      0.058     33.473      0.000       1.835       2.063
year_2007      2.1118      0.059     36.005      0.000       1.997       2.227
year_2008      2.4074      0.060     40.435      0.000       2.291       2.524
year_2009      2.4112      0.060     39.947      0.000       2.293       2.529
year_2010      2.3667      0.061     38.840      0.000       2.247       2.486
year_2011      2.4344      0.062     39.556      0.000       2.314       2.555
year_2012      2.4567      0.062     39.521      0.000       2.335       2.579
year_2013      2.3496      0.062     37.796      0.000       2.228       2.471
year_2014      2.4001      0.062     38.683      0.000       2.279       2.522
year_2015      2.4400      0.062     39.243      0.000       2.318       2.562
year_2016      2.4733      0.063     39.308      0.000       2.350       2.597
year_2017      2.3510      0.063     37.566      0.000       2.228       2.474
year_2018      2.4548      0.063     39.153      0.000       2.332       2.578
year_2019      2.4445      0.063     38.917      0.000       2.321       2.568
year_2020      2.4956      0.064     38.910      0.000       2.370       2.621
year_2021      2.3967      0.065     37.090      0.000       2.270       2.523
year_2022      2.3247      0.065     36.036      0.000       2.198       2.451
==============================================================================