                           Logit Regression Results                           
==============================================================================
Dep. Variable:                    hal   No. Observations:               197011
Model:                          Logit   Df Residuals:                   196967
Method:                           MLE   Df Model:                           43
Date:                Wed, 12 Mar 2025   Pseudo R-squ.:                 0.09120
Time:                        12:59:13   Log-Likelihood:            -1.2392e+05
converged:                       True   LL-Null:                   -1.3635e+05
Covariance Type:            nonrobust   LLR p-value:                     0.000
==============================================================================
                 coef    std err          z      P>|z|      [0.025      0.975]
------------------------------------------------------------------------------
const         -2.8859      0.061    -47.506      0.000      -3.005      -2.767
adj_mcap       0.1914      0.005     36.391      0.000       0.181       0.202
year_1981     -0.0607      0.059     -1.024      0.306      -0.177       0.056
year_1982     -0.2540      0.061     -4.189      0.000      -0.373      -0.135
year_1983     -0.2441      0.059     -4.155      0.000      -0.359      -0.129
year_1984     -0.1276      0.057     -2.220      0.026      -0.240      -0.015
year_1985     -0.0472      0.057     -0.835      0.404      -0.158       0.064
year_1986      0.1034      0.055      1.890      0.059      -0.004       0.211
year_1987      0.1781      0.054      3.298      0.001       0.072       0.284
year_1988      0.2762      0.054      5.158      0.000       0.171       0.381
year_1989      0.4262      0.053      8.023      0.000       0.322       0.530
year_1990      0.6029      0.053     11.445      0.000       0.500       0.706
year_1991      0.7892      0.052     15.224      0.000       0.688       0.891
year_1992      0.7614      0.051     14.811      0.000       0.661       0.862
year_1993      0.8790      0.050     17.616      0.000       0.781       0.977
year_1994      1.0652      0.049     21.578      0.000       0.968       1.162
year_1995      1.0977      0.049     22.331      0.000       1.001       1.194
year_1996      1.2863      0.049     26.401      0.000       1.191       1.382
year_1997      1.3218      0.049     27.137      0.000       1.226       1.417
year_1998      1.4276      0.049     29.144      0.000       1.332       1.524
year_1999      1.6161      0.049     32.735      0.000       1.519       1.713
year_2000      1.8094      0.050     36.199      0.000       1.711       1.907
year_2001      1.9514      0.051     38.223      0.000       1.851       2.051
year_2002      1.9739      0.052     38.186      0.000       1.873       2.075
year_2003      2.0407      0.053     38.752      0.000       1.938       2.144
year_2004      2.0839      0.053     39.236      0.000       1.980       2.188
year_2005      2.0407      0.053     38.423      0.000       1.937       2.145
year_2006      1.9774      0.053     37.212      0.000       1.873       2.082
year_2007      1.9701      0.053     37.003      0.000       1.866       2.074
year_2008      1.9653      0.054     36.701      0.000       1.860       2.070
year_2009      1.9613      0.054     36.192      0.000       1.855       2.068
year_2010      1.8105      0.054     33.364      0.000       1.704       1.917
year_2011      1.5840      0.054     29.275      0.000       1.478       1.690
year_2012      1.3901      0.054     25.651      0.000       1.284       1.496
year_2013      1.3399      0.054     24.691      0.000       1.234       1.446
year_2014      1.4017      0.054     25.948      0.000       1.296       1.508
year_2015      1.3683      0.054     25.310      0.000       1.262       1.474
year_2016      1.0984      0.054     20.195      0.000       0.992       1.205
year_2017      0.9545      0.055     17.473      0.000       0.847       1.062
year_2018      1.0819      0.054     19.889      0.000       0.975       1.189
year_2019      1.0651      0.054     19.577      0.000       0.958       1.172
year_2020      1.4719      0.055     26.632      0.000       1.364       1.580
year_2021      1.5732      0.056     27.981      0.000       1.463       1.683
year_2022      1.8719      0.058     32.434      0.000       1.759       1.985
==============================================================================