                           Logit Regression Results                           
==============================================================================
Dep. Variable:                    low   No. Observations:                18490
Model:                          Logit   Df Residuals:                    18446
Method:                           MLE   Df Model:                           43
Date:                Wed, 12 Mar 2025   Pseudo R-squ.:                  0.1639
Time:                        16:26:03   Log-Likelihood:                -8042.3
converged:                       True   LL-Null:                       -9618.5
Covariance Type:            nonrobust   LLR p-value:                     0.000
==============================================================================
                 coef    std err          z      P>|z|      [0.025      0.975]
------------------------------------------------------------------------------
const        -10.4140      0.309    -33.652      0.000     -11.021      -9.807
adj_mcap       0.8408      0.024     34.619      0.000       0.793       0.888
year_1981      0.2718      0.287      0.948      0.343      -0.290       0.834
year_1982      0.0480      0.296      0.163      0.871      -0.531       0.627
year_1983     -0.0279      0.295     -0.094      0.925      -0.607       0.551
year_1984      0.1074      0.289      0.372      0.710      -0.459       0.673
year_1985      0.2980      0.276      1.081      0.280      -0.242       0.838
year_1986      0.1631      0.280      0.583      0.560      -0.386       0.712
year_1987      0.2199      0.279      0.789      0.430      -0.326       0.766
year_1988      0.2534      0.276      0.919      0.358      -0.287       0.794
year_1989      0.3146      0.271      1.160      0.246      -0.217       0.846
year_1990      0.6626      0.262      2.532      0.011       0.150       1.175
year_1991      0.5905      0.261      2.262      0.024       0.079       1.102
year_1992      0.3015      0.269      1.120      0.263      -0.226       0.829
year_1993      0.6481      0.257      2.520      0.012       0.144       1.152
year_1994      0.6033      0.259      2.330      0.020       0.096       1.111
year_1995      0.2375      0.268      0.885      0.376      -0.288       0.763
year_1996      0.3874      0.262      1.479      0.139      -0.126       0.901
year_1997      0.4065      0.259      1.570      0.116      -0.101       0.914
year_1998      0.3640      0.260      1.400      0.161      -0.145       0.873
year_1999      0.5699      0.255      2.231      0.026       0.069       1.070
year_2000      0.5837      0.255      2.289      0.022       0.084       1.084
year_2001      0.6956      0.252      2.757      0.006       0.201       1.190
year_2002      0.9738      0.248      3.926      0.000       0.488       1.460
year_2003      1.0744      0.245      4.385      0.000       0.594       1.555
year_2004      1.0570      0.245      4.322      0.000       0.578       1.536
year_2005      1.2913      0.242      5.342      0.000       0.818       1.765
year_2006      1.2075      0.242      4.987      0.000       0.733       1.682
year_2007      1.1141      0.243      4.577      0.000       0.637       1.591
year_2008      1.6322      0.240      6.802      0.000       1.162       2.103
year_2009      1.4316      0.241      5.942      0.000       0.959       1.904
year_2010      1.6990      0.238      7.125      0.000       1.232       2.166
year_2011      1.8139      0.238      7.623      0.000       1.347       2.280
year_2012      1.7606      0.238      7.397      0.000       1.294       2.227
year_2013      1.7284      0.238      7.269      0.000       1.262       2.194
year_2014      1.7553      0.238      7.384      0.000       1.289       2.221
year_2015      1.8000      0.238      7.571      0.000       1.334       2.266
year_2016      1.7826      0.237      7.506      0.000       1.317       2.248
year_2017      1.8181      0.237      7.658      0.000       1.353       2.283
year_2018      1.8895      0.237      7.960      0.000       1.424       2.355
year_2019      1.7895      0.238      7.528      0.000       1.324       2.255
year_2020      1.4083      0.240      5.874      0.000       0.938       1.878
year_2021      1.4319      0.239      5.981      0.000       0.963       1.901
year_2022      1.2243      0.242      5.069      0.000       0.751       1.698
==============================================================================