                           Logit Regression Results                           
==============================================================================
Dep. Variable:                    low   No. Observations:               110147
Model:                          Logit   Df Residuals:                   110118
Method:                           MLE   Df Model:                           28
Date:                Wed, 12 Mar 2025   Pseudo R-squ.:                  0.1219
Time:                        12:35:20   Log-Likelihood:                -53852.
converged:                       True   LL-Null:                       -61329.
Covariance Type:            nonrobust   LLR p-value:                     0.000
=======================================================================================
                          coef    std err          z      P>|z|      [0.025      0.975]
---------------------------------------------------------------------------------------
const                  -1.8361      0.100    -18.277      0.000      -2.033      -1.639
normalized_bogindex    -0.0666      0.009     -7.446      0.000      -0.084      -0.049
year_1994              -0.1377      0.139     -0.989      0.323      -0.410       0.135
year_1995              -0.6226      0.120     -5.186      0.000      -0.858      -0.387
year_1996              -0.8592      0.113     -7.611      0.000      -1.080      -0.638
year_1997              -0.7172      0.111     -6.457      0.000      -0.935      -0.499
year_1998              -0.6252      0.111     -5.650      0.000      -0.842      -0.408
year_1999              -0.4429      0.110     -4.043      0.000      -0.658      -0.228
year_2000              -0.3171      0.109     -2.906      0.004      -0.531      -0.103
year_2001              -0.1396      0.109     -1.282      0.200      -0.353       0.074
year_2002               0.1556      0.108      1.441      0.150      -0.056       0.367
year_2003               0.2412      0.108      2.234      0.025       0.030       0.453
year_2004               0.3580      0.108      3.324      0.001       0.147       0.569
year_2005               0.4997      0.107      4.656      0.000       0.289       0.710
year_2006               0.6793      0.107      6.360      0.000       0.470       0.889
year_2007               0.7685      0.107      7.201      0.000       0.559       0.978
year_2008               0.8895      0.107      8.335      0.000       0.680       1.099
year_2009               0.9288      0.107      8.683      0.000       0.719       1.138
year_2010               1.1046      0.107     10.345      0.000       0.895       1.314
year_2011               1.4031      0.107     13.173      0.000       1.194       1.612
year_2012               1.5815      0.107     14.835      0.000       1.373       1.790
year_2013               1.6391      0.107     15.387      0.000       1.430       1.848
year_2014               1.5849      0.106     14.893      0.000       1.376       1.793
year_2015               1.6314      0.106     15.321      0.000       1.423       1.840
year_2016               1.9123      0.107     17.943      0.000       1.703       2.121
year_2017               2.0588      0.107     19.286      0.000       1.850       2.268
year_2018               1.9436      0.107     18.117      0.000       1.733       2.154
year_2019               1.9696      0.108     18.316      0.000       1.759       2.180
year_2020               1.9350      0.128     15.136      0.000       1.684       2.186
=======================================================================================