                           Logit Regression Results                           
==============================================================================
Dep. Variable:                    low   No. Observations:               197011
Model:                          Logit   Df Residuals:                   196967
Method:                           MLE   Df Model:                           43
Date:                Wed, 12 Mar 2025   Pseudo R-squ.:                  0.2112
Time:                        12:16:12   Log-Likelihood:                -42487.
converged:                       True   LL-Null:                       -53859.
Covariance Type:            nonrobust   LLR p-value:                     0.000
==============================================================================
                 coef    std err          z      P>|z|      [0.025      0.975]
------------------------------------------------------------------------------
const        -13.0984      0.165    -79.581      0.000     -13.421     -12.776
adj_mcap       1.0546      0.011    100.000      0.000       1.034       1.075
year_1981      0.0946      0.188      0.504      0.614      -0.273       0.462
year_1982      0.1657      0.182      0.911      0.362      -0.191       0.522
year_1983      0.0778      0.179      0.435      0.664      -0.273       0.429
year_1984      0.0551      0.182      0.303      0.762      -0.301       0.411
year_1985      0.2009      0.173      1.158      0.247      -0.139       0.541
year_1986      0.3897      0.166      2.347      0.019       0.064       0.715
year_1987      0.4642      0.165      2.807      0.005       0.140       0.788
year_1988      0.4322      0.165      2.614      0.009       0.108       0.756
year_1989      0.4680      0.164      2.854      0.004       0.147       0.789
year_1990      0.7289      0.161      4.522      0.000       0.413       1.045
year_1991      0.5799      0.160      3.618      0.000       0.266       0.894
year_1992      0.3793      0.162      2.341      0.019       0.062       0.697
year_1993      0.4033      0.158      2.557      0.011       0.094       0.712
year_1994      0.4166      0.157      2.646      0.008       0.108       0.725
year_1995      0.3646      0.156      2.338      0.019       0.059       0.670
year_1996      0.3835      0.154      2.493      0.013       0.082       0.685
year_1997      0.4330      0.152      2.850      0.004       0.135       0.731
year_1998      0.6604      0.150      4.409      0.000       0.367       0.954
year_1999      0.6214      0.149      4.158      0.000       0.328       0.914
year_2000      0.8217      0.149      5.521      0.000       0.530       1.113
year_2001      1.0649      0.147      7.235      0.000       0.776       1.353
year_2002      1.3496      0.146      9.237      0.000       1.063       1.636
year_2003      1.2250      0.146      8.401      0.000       0.939       1.511
year_2004      1.2194      0.145      8.384      0.000       0.934       1.504
year_2005      1.3371      0.145      9.240      0.000       1.053       1.621
year_2006      1.3715      0.144      9.504      0.000       1.089       1.654
year_2007      1.4547      0.144     10.081      0.000       1.172       1.738
year_2008      1.9240      0.144     13.388      0.000       1.642       2.206
year_2009      1.7458      0.144     12.115      0.000       1.463       2.028
year_2010      1.9027      0.143     13.303      0.000       1.622       2.183
year_2011      2.1369      0.143     14.992      0.000       1.858       2.416
year_2012      2.0920      0.143     14.663      0.000       1.812       2.372
year_2013      2.0212      0.142     14.196      0.000       1.742       2.300
year_2014      1.9645      0.142     13.796      0.000       1.685       2.244
year_2015      2.0695      0.142     14.542      0.000       1.791       2.348
year_2016      2.0567      0.142     14.438      0.000       1.777       2.336
year_2017      2.1296      0.142     14.982      0.000       1.851       2.408
year_2018      2.1189      0.142     14.878      0.000       1.840       2.398
year_2019      1.9723      0.143     13.818      0.000       1.693       2.252
year_2020      1.6782      0.144     11.653      0.000       1.396       1.960
year_2021      1.6239      0.144     11.239      0.000       1.341       1.907
year_2022      1.6898      0.145     11.625      0.000       1.405       1.975
==============================================================================