                           Logit Regression Results                           
==============================================================================
Dep. Variable:                    low   No. Observations:                18490
Model:                          Logit   Df Residuals:                    18446
Method:                           MLE   Df Model:                           43
Date:                Wed, 12 Mar 2025   Pseudo R-squ.:                  0.2469
Time:                        16:26:08   Log-Likelihood:                -9269.1
converged:                       True   LL-Null:                       -12307.
Covariance Type:            nonrobust   LLR p-value:                     0.000
==============================================================================
                 coef    std err          z      P>|z|      [0.025      0.975]
------------------------------------------------------------------------------
const         -9.0624      0.250    -36.269      0.000      -9.552      -8.573
adj_mcap       0.7786      0.021     36.554      0.000       0.737       0.820
year_1981     -0.0264      0.223     -0.118      0.906      -0.463       0.410
year_1982     -0.1651      0.226     -0.730      0.466      -0.609       0.278
year_1983     -0.0384      0.218     -0.176      0.860      -0.466       0.389
year_1984     -0.3333      0.231     -1.440      0.150      -0.787       0.120
year_1985      0.0760      0.212      0.358      0.720      -0.340       0.492
year_1986     -0.0877      0.217     -0.405      0.686      -0.512       0.337
year_1987     -0.0647      0.217     -0.298      0.765      -0.489       0.360
year_1988     -0.0486      0.215     -0.226      0.821      -0.470       0.373
year_1989      0.3023      0.204      1.485      0.137      -0.097       0.701
year_1990      0.2451      0.207      1.185      0.236      -0.160       0.650
year_1991      0.2291      0.205      1.117      0.264      -0.173       0.631
year_1992      0.2741      0.203      1.351      0.177      -0.124       0.672
year_1993      0.5218      0.197      2.647      0.008       0.135       0.908
year_1994      0.4663      0.198      2.350      0.019       0.077       0.855
year_1995      0.0697      0.206      0.339      0.735      -0.334       0.473
year_1996      0.2288      0.201      1.137      0.256      -0.166       0.623
year_1997      0.1911      0.200      0.953      0.340      -0.202       0.584
year_1998      0.3586      0.197      1.816      0.069      -0.029       0.746
year_1999      0.5353      0.195      2.741      0.006       0.153       0.918
year_2000      0.7533      0.193      3.912      0.000       0.376       1.131
year_2001      0.9399      0.190      4.936      0.000       0.567       1.313
year_2002      1.1604      0.189      6.142      0.000       0.790       1.531
year_2003      1.2314      0.188      6.551      0.000       0.863       1.600
year_2004      1.2691      0.187      6.769      0.000       0.902       1.637
year_2005      1.4915      0.187      7.981      0.000       1.125       1.858
year_2006      1.6759      0.187      8.971      0.000       1.310       2.042
year_2007      1.7141      0.187      9.171      0.000       1.348       2.080
year_2008      1.9734      0.187     10.551      0.000       1.607       2.340
year_2009      1.8657      0.187      9.980      0.000       1.499       2.232
year_2010      2.0346      0.188     10.841      0.000       1.667       2.402
year_2011      2.3022      0.189     12.175      0.000       1.932       2.673
year_2012      2.5310      0.191     13.221      0.000       2.156       2.906
year_2013      2.3043      0.190     12.113      0.000       1.931       2.677
year_2014      2.4363      0.192     12.710      0.000       2.061       2.812
year_2015      2.4359      0.191     12.733      0.000       2.061       2.811
year_2016      2.6350      0.194     13.561      0.000       2.254       3.016
year_2017      2.7929      0.197     14.169      0.000       2.407       3.179
year_2018      2.7988      0.196     14.258      0.000       2.414       3.184
year_2019      2.8150      0.198     14.250      0.000       2.428       3.202
year_2020      2.2376      0.190     11.749      0.000       1.864       2.611
year_2021      2.1149      0.190     11.135      0.000       1.743       2.487
year_2022      1.7136      0.188      9.122      0.000       1.345       2.082
==============================================================================