                           Logit Regression Results                           
==============================================================================
Dep. Variable:                    low   No. Observations:               110147
Model:                          Logit   Df Residuals:                   110118
Method:                           MLE   Df Model:                           28
Date:                Wed, 12 Mar 2025   Pseudo R-squ.:                 0.06588
Time:                        12:35:11   Log-Likelihood:                -34910.
converged:                       True   LL-Null:                       -37372.
Covariance Type:            nonrobust   LLR p-value:                     0.000
=======================================================================================
                          coef    std err          z      P>|z|      [0.025      0.975]
---------------------------------------------------------------------------------------
const                  -2.5228      0.131    -19.330      0.000      -2.779      -2.267
normalized_bogindex    -0.0965      0.012     -8.088      0.000      -0.120      -0.073
year_1994              -0.1279      0.181     -0.706      0.480      -0.483       0.227
year_1995              -0.7780      0.161     -4.824      0.000      -1.094      -0.462
year_1996              -1.1131      0.152     -7.301      0.000      -1.412      -0.814
year_1997              -0.9567      0.149     -6.425      0.000      -1.249      -0.665
year_1998              -0.7060      0.146     -4.842      0.000      -0.992      -0.420
year_1999              -0.6619      0.146     -4.545      0.000      -0.947      -0.376
year_2000              -0.5543      0.145     -3.826      0.000      -0.838      -0.270
year_2001              -0.2604      0.143     -1.821      0.069      -0.541       0.020
year_2002              -0.0260      0.142     -0.184      0.854      -0.304       0.252
year_2003               0.0839      0.141      0.593      0.553      -0.193       0.361
year_2004               0.1590      0.141      1.126      0.260      -0.118       0.436
year_2005               0.2913      0.140      2.074      0.038       0.016       0.567
year_2006               0.3703      0.140      2.644      0.008       0.096       0.645
year_2007               0.4447      0.140      3.181      0.001       0.171       0.719
year_2008               0.6393      0.139      4.597      0.000       0.367       0.912
year_2009               0.6267      0.140      4.487      0.000       0.353       0.900
year_2010               0.8664      0.139      6.252      0.000       0.595       1.138
year_2011               1.0480      0.138      7.594      0.000       0.778       1.319
year_2012               1.0367      0.138      7.490      0.000       0.765       1.308
year_2013               1.1452      0.138      8.303      0.000       0.875       1.415
year_2014               1.1137      0.138      8.076      0.000       0.843       1.384
year_2015               1.1736      0.138      8.515      0.000       0.903       1.444
year_2016               1.1912      0.138      8.634      0.000       0.921       1.462
year_2017               1.2945      0.138      9.397      0.000       1.025       1.564
year_2018               1.2570      0.139      9.062      0.000       0.985       1.529
year_2019               1.1814      0.139      8.473      0.000       0.908       1.455
year_2020               1.3561      0.162      8.368      0.000       1.038       1.674
=======================================================================================