                           Logit Regression Results                           
==============================================================================
Dep. Variable:                    low   No. Observations:               197011
Model:                          Logit   Df Residuals:                   196967
Method:                           MLE   Df Model:                           43
Date:                Wed, 12 Mar 2025   Pseudo R-squ.:                  0.2759
Time:                        12:16:21   Log-Likelihood:                -66124.
converged:                       True   LL-Null:                       -91319.
Covariance Type:            nonrobust   LLR p-value:                     0.000
==============================================================================
                 coef    std err          z      P>|z|      [0.025      0.975]
------------------------------------------------------------------------------
const        -11.8915      0.119    -99.940      0.000     -12.125     -11.658
adj_mcap       1.0091      0.008    122.223      0.000       0.993       1.025
year_1981      0.0686      0.131      0.523      0.601      -0.188       0.325
year_1982     -0.0980      0.134     -0.733      0.464      -0.360       0.164
year_1983     -0.1156      0.129     -0.894      0.372      -0.369       0.138
year_1984     -0.1246      0.131     -0.951      0.342      -0.381       0.132
year_1985     -0.0721      0.127     -0.566      0.571      -0.322       0.177
year_1986     -0.0011      0.124     -0.009      0.993      -0.244       0.241
year_1987      0.2573      0.119      2.157      0.031       0.024       0.491
year_1988      0.1596      0.121      1.323      0.186      -0.077       0.396
year_1989      0.3744      0.116      3.214      0.001       0.146       0.603
year_1990      0.5223      0.116      4.491      0.000       0.294       0.750
year_1991      0.4395      0.115      3.839      0.000       0.215       0.664
year_1992      0.3729      0.114      3.282      0.001       0.150       0.596
year_1993      0.4978      0.109      4.558      0.000       0.284       0.712
year_1994      0.6034      0.108      5.589      0.000       0.392       0.815
year_1995      0.5115      0.108      4.757      0.000       0.301       0.722
year_1996      0.5090      0.106      4.784      0.000       0.300       0.718
year_1997      0.5729      0.105      5.441      0.000       0.367       0.779
year_1998      0.6675      0.105      6.347      0.000       0.461       0.874
year_1999      0.7868      0.104      7.571      0.000       0.583       0.990
year_2000      1.0030      0.104      9.678      0.000       0.800       1.206
year_2001      1.1518      0.103     11.151      0.000       0.949       1.354
year_2002      1.5207      0.102     14.862      0.000       1.320       1.721
year_2003      1.3600      0.102     13.288      0.000       1.159       1.561
year_2004      1.4050      0.102     13.783      0.000       1.205       1.605
year_2005      1.5447      0.101     15.219      0.000       1.346       1.744
year_2006      1.6887      0.101     16.724      0.000       1.491       1.887
year_2007      1.8223      0.101     18.055      0.000       1.624       2.020
year_2008      2.2305      0.101     22.069      0.000       2.032       2.429
year_2009      2.1084      0.101     20.830      0.000       1.910       2.307
year_2010      2.1954      0.101     21.733      0.000       1.997       2.393
year_2011      2.5734      0.101     25.523      0.000       2.376       2.771
year_2012      2.7294      0.101     27.075      0.000       2.532       2.927
year_2013      2.5999      0.101     25.798      0.000       2.402       2.797
year_2014      2.5372      0.101     25.209      0.000       2.340       2.735
year_2015      2.6625      0.101     26.441      0.000       2.465       2.860
year_2016      2.9446      0.101     29.191      0.000       2.747       3.142
year_2017      3.0706      0.101     30.407      0.000       2.873       3.269
year_2018      3.0116      0.101     29.837      0.000       2.814       3.209
year_2019      2.9710      0.101     29.423      0.000       2.773       3.169
year_2020      2.3689      0.102     23.323      0.000       2.170       2.568
year_2021      2.1600      0.102     21.125      0.000       1.960       2.360
year_2022      1.9366      0.104     18.703      0.000       1.734       2.140
==============================================================================