                           Logit Regression Results                           
==============================================================================
Dep. Variable:                    low   No. Observations:                 8600
Model:                          Logit   Df Residuals:                     8556
Method:                           MLE   Df Model:                           43
Date:                Wed, 12 Mar 2025   Pseudo R-squ.:                  0.4099
Time:                        18:20:24   Log-Likelihood:                -2059.4
converged:                       True   LL-Null:                       -3489.9
Covariance Type:            nonrobust   LLR p-value:                     0.000
==============================================================================
                 coef    std err          z      P>|z|      [0.025      0.975]
------------------------------------------------------------------------------
const        -18.0719      0.667    -27.096      0.000     -19.379     -16.765
adj_mcap       1.5170      0.051     30.020      0.000       1.418       1.616
year_1981      0.9883      0.525      1.883      0.060      -0.040       2.017
year_1982      0.3078      0.584      0.527      0.598      -0.836       1.452
year_1983      0.6099      0.557      1.095      0.274      -0.482       1.702
year_1984      0.1094      0.605      0.181      0.857      -1.077       1.296
year_1985     -0.6273      0.730     -0.859      0.390      -2.059       0.804
year_1986      0.0646      0.605      0.107      0.915      -1.122       1.251
year_1987     -0.6289      0.729     -0.863      0.388      -2.057       0.799
year_1988      0.1890      0.584      0.323      0.746      -0.956       1.334
year_1989      0.0201      0.605      0.033      0.974      -1.165       1.205
year_1990      0.2282      0.585      0.390      0.696      -0.918       1.374
year_1991     -0.1202      0.632     -0.190      0.849      -1.358       1.118
year_1992      0.5040      0.556      0.906      0.365      -0.586       1.594
year_1993      0.0306      0.604      0.051      0.960      -1.153       1.214
year_1994     -0.6638      0.730     -0.910      0.363      -2.094       0.766
year_1995     -0.2843      0.633     -0.449      0.653      -1.526       0.957
year_1996     -0.0667      0.606     -0.110      0.912      -1.254       1.121
year_1997      0.2903      0.572      0.508      0.612      -0.831       1.411
year_1998     -0.1236      0.609     -0.203      0.839      -1.317       1.070
year_1999      0.3372      0.550      0.613      0.540      -0.742       1.416
year_2000      0.0913      0.576      0.158      0.874      -1.038       1.221
year_2001      0.2451      0.572      0.429      0.668      -0.876       1.366
year_2002      0.7986      0.529      1.509      0.131      -0.239       1.836
year_2003      1.0186      0.516      1.973      0.048       0.007       2.030
year_2004      1.4668      0.497      2.953      0.003       0.493       2.441
year_2005      1.1602      0.509      2.278      0.023       0.162       2.158
year_2006      1.0156      0.513      1.979      0.048       0.010       2.021
year_2007      1.4714      0.495      2.974      0.003       0.502       2.441
year_2008      2.6663      0.473      5.631      0.000       1.738       3.594
year_2009      2.2792      0.479      4.763      0.000       1.341       3.217
year_2010      2.4586      0.475      5.173      0.000       1.527       3.390
year_2011      2.8816      0.470      6.132      0.000       1.961       3.803
year_2012      3.1336      0.469      6.685      0.000       2.215       4.052
year_2013      2.5925      0.473      5.479      0.000       1.665       3.520
year_2014      3.0870      0.469      6.579      0.000       2.167       4.007
year_2015      3.2553      0.468      6.949      0.000       2.337       4.173
year_2016      3.3298      0.468      7.112      0.000       2.412       4.247
year_2017      3.1515      0.469      6.718      0.000       2.232       4.071
year_2018      3.4340      0.469      7.325      0.000       2.515       4.353
year_2019      3.4318      0.469      7.316      0.000       2.512       4.351
year_2020      4.2493      0.467      9.101      0.000       3.334       5.164
year_2021      4.0345      0.466      8.657      0.000       3.121       4.948
year_2022      4.5380      0.468      9.698      0.000       3.621       5.455
==============================================================================